CH4/ppm,N2O/ppm,NO/ppm,NH3/ppm,CH4_NG_CAL/ppm,V0,V1,time
0.000,0.000,0.000,75.000,0.000,-2.944e-03,-5.981e-03,7208.280000
0.000,0.000,0.000,85.000,0.000,-3.300e-03,-6.597e-03,9012.420000
0.000,0.000,0.000,95.000,0.000,-3.629e-03,-6.904e-03,10816.560000
0.000,0.000,0.000,105.000,0.000,-3.940e-03,-7.088e-03,12620.700000
0.000,0.000,0.000,115.000,0.000,-4.263e-03,-7.222e-03,14424.840000
0.000,0.000,0.000,125.000,0.000,-4.558e-03,-7.290e-03,16228.980000
0.000,0.000,0.000,135.000,0.000,-4.885e-03,-7.364e-03,18033.120000
0.000,0.000,0.000,145.000,0.000,-5.145e-03,-7.371e-03,19837.260000
0.000,0.000,0.000,155.000,0.000,-5.448e-03,-7.402e-03,21641.400000
0.000,0.000,0.000,165.000,0.000,-5.725e-03,-7.412e-03,23445.540000
0.000,0.000,0.000,175.000,0.000,-6.000e-03,-7.414e-03,25249.680000
0.000,0.000,0.000,195.000,0.000,-6.512e-03,-7.351e-03,27053.820000
0.000,0.000,0.000,205.000,0.000,-6.786e-03,-7.341e-03,28857.960000
0.000,0.000,0.000,215.000,0.000,-7.047e-03,-7.336e-03,30662.100000
0.000,0.000,0.000,225.000,0.000,-7.287e-03,-7.341e-03,32466.240000
0.000,0.000,0.000,235.000,0.000,-7.503e-03,-7.318e-03,34270.380000
0.000,0.000,0.000,245.000,0.000,-7.756e-03,-7.323e-03,36074.520000
0.000,0.000,0.000,255.000,0.000,-7.945e-03,-7.303e-03,37878.660000
1000.000,0.000,0.000,0.000,0.000,-9.148e-03,-1.130e-03,39682.800000
1000.000,0.000,0.000,75.000,0.000,-1.470e-02,-6.221e-03,41486.940000
1000.000,0.000,0.000,85.000,0.000,-1.495e-02,-6.531e-03,43291.080000
1000.000,0.000,0.000,95.000,0.000,-1.516e-02,-6.746e-03,45095.220000
1000.000,0.000,0.000,105.000,0.000,-1.535e-02,-6.896e-03,46899.360000
1000.000,0.000,0.000,115.000,0.000,-1.547e-02,-6.977e-03,48703.500000
1000.000,0.000,0.000,125.000,0.000,-1.562e-02,-7.037e-03,50507.640000
1000.000,0.000,0.000,135.000,0.000,-1.576e-02,-7.084e-03,52311.780000
1000.000,0.000,0.000,145.000,0.000,-1.589e-02,-7.119e-03,54115.920000
1000.000,0.000,0.000,155.000,0.000,-1.601e-02,-7.132e-03,55920.060000
1000.000,0.000,0.000,165.000,0.000,-1.612e-02,-7.127e-03,57724.200000
1000.000,0.000,0.000,175.000,0.000,-1.622e-02,-7.116e-03,59528.340000
1000.000,0.000,0.000,195.000,0.000,-1.641e-02,-7.071e-03,61332.480000
1000.000,0.000,0.000,205.000,0.000,-1.649e-02,-7.032e-03,63136.620000
1000.000,0.000,0.000,215.000,0.000,-1.657e-02,-7.012e-03,64940.760000
1000.000,0.000,0.000,225.000,0.000,-1.665e-02,-6.987e-03,66744.900000
1000.000,0.000,0.000,235.000,0.000,-1.673e-02,-6.972e-03,68549.040000
1000.000,0.000,0.000,245.000,0.000,-1.677e-02,-6.952e-03,70353.180000
1000.000,0.000,0.000,255.000,0.000,-1.685e-02,-6.944e-03,72157.320000
1500.000,0.000,0.000,0.000,0.000,-1.091e-02,-1.160e-03,73961.460000
1500.000,0.000,0.000,75.000,0.000,-1.760e-02,-6.052e-03,75765.600000
1500.000,0.000,0.000,85.000,0.000,-1.795e-02,-6.368e-03,77569.740000
1500.000,0.000,0.000,95.000,0.000,-1.823e-02,-6.581e-03,79373.880000
1500.000,0.000,0.000,105.000,0.000,-1.846e-02,-6.732e-03,81178.020000
1500.000,0.000,0.000,115.000,0.000,-1.865e-02,-6.831e-03,82982.160000
1500.000,0.000,0.000,125.000,0.000,-1.882e-02,-6.899e-03,84786.300000
1500.000,0.000,0.000,135.000,0.000,-1.897e-02,-6.950e-03,86590.440000
1500.000,0.000,0.000,145.000,0.000,-1.909e-02,-6.974e-03,88394.580000
1500.000,0.000,0.000,155.000,0.000,-1.920e-02,-6.977e-03,90198.720000
1500.000,0.000,0.000,165.000,0.000,-1.929e-02,-6.971e-03,92002.860000
1500.000,0.000,0.000,175.000,0.000,-1.942e-02,-6.988e-03,93807.000000
1500.000,0.000,0.000,195.000,0.000,-1.958e-02,-6.977e-03,95611.140000
1500.000,0.000,0.000,205.000,0.000,-1.966e-02,-6.934e-03,97415.280000
1500.000,0.000,0.000,215.000,0.000,-1.969e-02,-6.888e-03,99219.420000
1500.000,0.000,0.000,225.000,0.000,-1.976e-02,-6.866e-03,101023.560000
1500.000,0.000,0.000,235.000,0.000,-1.981e-02,-6.846e-03,102827.700000
1500.000,0.000,0.000,245.000,0.000,-1.986e-02,-6.806e-03,104631.840000
1500.000,0.000,0.000,255.000,0.000,-1.989e-02,-6.793e-03,106435.980000
2000.000,0.000,0.000,0.000,0.000,-1.247e-02,-1.238e-03,108240.120000
2000.000,0.000,0.000,75.000,0.000,-1.973e-02,-5.931e-03,110044.260000
2000.000,0.000,0.000,85.000,0.000,-2.014e-02,-6.213e-03,111848.400000
2000.000,0.000,0.000,95.000,0.000,-2.050e-02,-6.420e-03,113652.540000
2000.000,0.000,0.000,105.000,0.000,-2.078e-02,-6.567e-03,115456.680000
2000.000,0.000,0.000,115.000,0.000,-2.103e-02,-6.667e-03,117260.820000
2000.000,0.000,0.000,125.000,0.000,-2.124e-02,-6.736e-03,119064.960000
2000.000,0.000,0.000,135.000,0.000,-2.140e-02,-6.776e-03,120869.100000
2000.000,0.000,0.000,145.000,0.000,-2.156e-02,-6.810e-03,122673.240000
2000.000,0.000,0.000,155.000,0.000,-2.169e-02,-6.830e-03,124477.380000
2000.000,0.000,0.000,165.000,0.000,-2.176e-02,-6.822e-03,126281.520000
2000.000,0.000,0.000,175.000,0.000,-2.187e-02,-6.817e-03,128085.660000
2000.000,0.000,0.000,195.000,0.000,-2.198e-02,-6.772e-03,129889.800000
2000.000,0.000,0.000,205.000,0.000,-2.206e-02,-6.745e-03,131693.940000
2000.000,0.000,0.000,215.000,0.000,-2.211e-02,-6.721e-03,133498.080000
2000.000,0.000,0.000,225.000,0.000,-2.218e-02,-6.696e-03,135302.220000
2000.000,0.000,0.000,235.000,0.000,-2.213e-02,-6.633e-03,137106.360000
2000.000,0.000,0.000,245.000,0.000,-2.221e-02,-6.611e-03,138910.500000
2000.000,0.000,0.000,255.000,0.000,-2.216e-02,-6.562e-03,140714.640000
2500.000,0.000,0.000,0.000,0.000,-1.366e-02,-1.276e-03,142518.780000
2500.000,0.000,0.000,75.000,0.000,-2.114e-02,-5.763e-03,144322.920000
2500.000,0.000,0.000,85.000,0.000,-2.164e-02,-6.058e-03,146127.060000
2500.000,0.000,0.000,95.000,0.000,-2.205e-02,-6.245e-03,147931.200000
2500.000,0.000,0.000,105.000,0.000,-2.236e-02,-6.375e-03,149735.340000
2500.000,0.000,0.000,115.000,0.000,-2.266e-02,-6.468e-03,151539.480000
2500.000,0.000,0.000,125.000,0.000,-2.289e-02,-6.528e-03,153343.620000
2500.000,0.000,0.000,135.000,0.000,-2.306e-02,-6.563e-03,155147.760000
2500.000,0.000,0.000,145.000,0.000,-2.328e-02,-6.585e-03,156951.900000
2500.000,0.000,0.000,155.000,0.000,-2.343e-02,-6.593e-03,158756.040000
2500.000,0.000,0.000,165.000,0.000,-2.355e-02,-6.593e-03,160560.180000
2500.000,0.000,0.000,175.000,0.000,-2.364e-02,-6.590e-03,162364.320000
2500.000,0.000,0.000,195.000,0.000,-2.379e-02,-6.557e-03,164168.460000
2500.000,0.000,0.000,205.000,0.000,-2.382e-02,-6.498e-03,165972.600000
2500.000,0.000,0.000,215.000,0.000,-2.383e-02,-6.459e-03,167776.740000
2500.000,0.000,0.000,225.000,0.000,-2.391e-02,-6.415e-03,169580.880000
2500.000,0.000,0.000,235.000,0.000,-2.391e-02,-6.373e-03,171385.020000
2500.000,0.000,0.000,245.000,0.000,-2.395e-02,-6.333e-03,173189.160000
2500.000,0.000,0.000,255.000,0.000,-2.392e-02,-6.292e-03,174993.300000
3000.000,0.000,0.000,0.000,0.000,-1.472e-02,-1.332e-03,176797.440000
3000.000,0.000,0.000,75.000,0.000,-2.222e-02,-5.619e-03,178601.580000
3000.000,0.000,0.000,85.000,0.000,-2.277e-02,-5.893e-03,180405.720000
3000.000,0.000,0.000,95.000,0.000,-2.328e-02,-6.089e-03,182209.860000
3000.000,0.000,0.000,105.000,0.000,-2.364e-02,-6.213e-03,184014.000000
3000.000,0.000,0.000,115.000,0.000,-2.396e-02,-6.297e-03,185818.140000
3000.000,0.000,0.000,125.000,0.000,-2.424e-02,-6.344e-03,187622.280000
3000.000,0.000,0.000,135.000,0.000,-2.449e-02,-6.398e-03,189426.420000
3000.000,0.000,0.000,145.000,0.000,-2.463e-02,-6.380e-03,191230.560000
3000.000,0.000,0.000,155.000,0.000,-2.482e-02,-6.402e-03,193034.700000
3000.000,0.000,0.000,165.000,0.000,-2.497e-02,-6.386e-03,194838.840000
3000.000,0.000,0.000,175.000,0.000,-2.499e-02,-6.342e-03,196642.980000
3000.000,0.000,0.000,195.000,0.000,-2.517e-02,-6.277e-03,198447.120000
3000.000,0.000,0.000,205.000,0.000,-2.521e-02,-6.235e-03,200251.260000
3000.000,0.000,0.000,215.000,0.000,-2.526e-02,-6.198e-03,202055.400000
3000.000,0.000,0.000,225.000,0.000,-2.530e-02,-6.155e-03,203859.540000
3000.000,0.000,0.000,235.000,0.000,-2.529e-02,-6.123e-03,205663.680000
3000.000,0.000,0.000,245.000,0.000,-2.530e-02,-6.080e-03,207467.820000
3000.000,0.000,0.000,255.000,0.000,-2.530e-02,-6.027e-03,209271.960000
3500.000,0.000,0.000,0.000,0.000,-1.577e-02,-1.412e-03,211076.100000
3500.000,0.000,0.000,75.000,0.000,-2.319e-02,-5.574e-03,212880.240000
3500.000,0.000,0.000,85.000,0.000,-2.373e-02,-5.807e-03,214684.380000
3500.000,0.000,0.000,95.000,0.000,-2.423e-02,-5.998e-03,216488.520000
3500.000,0.000,0.000,105.000,0.000,-2.461e-02,-6.097e-03,218292.660000
3500.000,0.000,0.000,115.000,0.000,-2.493e-02,-6.164e-03,220096.800000
3500.000,0.000,0.000,125.000,0.000,-2.516e-02,-6.172e-03,221900.940000
3500.000,0.000,0.000,135.000,0.000,-2.545e-02,-6.210e-03,223705.080000
3500.000,0.000,0.000,145.000,0.000,-2.560e-02,-6.186e-03,225509.220000
3500.000,0.000,0.000,155.000,0.000,-2.575e-02,-6.178e-03,227313.360000
3500.000,0.000,0.000,165.000,0.000,-2.585e-02,-6.155e-03,229117.500000
3500.000,0.000,0.000,175.000,0.000,-2.596e-02,-6.128e-03,230921.640000
3500.000,0.000,0.000,195.000,0.000,-2.614e-02,-6.051e-03,232725.780000
3500.000,0.000,0.000,205.000,0.000,-2.626e-02,-5.973e-03,234529.920000
3500.000,0.000,0.000,215.000,0.000,-2.627e-02,-5.932e-03,236334.060000
3500.000,0.000,0.000,225.000,0.000,-2.627e-02,-5.875e-03,238138.200000
3500.000,0.000,0.000,235.000,0.000,-2.626e-02,-5.825e-03,239942.340000
3500.000,0.000,0.000,245.000,0.000,-2.627e-02,-5.767e-03,241746.480000
3500.000,0.000,0.000,255.000,0.000,-2.629e-02,-5.729e-03,243550.620000
4000.000,0.000,0.000,0.000,0.000,-1.661e-02,-1.453e-03,245354.760000
4000.000,0.000,0.000,75.000,0.000,-2.374e-02,-5.420e-03,247158.900000
4000.000,0.000,0.000,85.000,0.000,-2.432e-02,-5.661e-03,248963.040000
4000.000,0.000,0.000,95.000,0.000,-2.477e-02,-5.805e-03,250767.180000
4000.000,0.000,0.000,105.000,0.000,-2.519e-02,-5.892e-03,252571.320000
4000.000,0.000,0.000,115.000,0.000,-2.549e-02,-5.943e-03,254375.460000
4000.000,0.000,0.000,125.000,0.000,-2.578e-02,-5.978e-03,256179.600000
4000.000,0.000,0.000,135.000,0.000,-2.605e-02,-5.990e-03,257983.740000
4000.000,0.000,0.000,145.000,0.000,-2.626e-02,-5.985e-03,259787.880000
4000.000,0.000,0.000,155.000,0.000,-2.640e-02,-5.952e-03,261592.020000
4000.000,0.000,0.000,165.000,0.000,-2.659e-02,-5.942e-03,263396.160000
4000.000,0.000,0.000,175.000,0.000,-2.659e-02,-5.906e-03,265200.300000
4000.000,0.000,0.000,195.000,0.000,-2.689e-02,-5.813e-03,267004.440000
4000.000,0.000,0.000,205.000,0.000,-2.692e-02,-5.735e-03,268808.580000
4000.000,0.000,0.000,215.000,0.000,-2.700e-02,-5.672e-03,270612.720000
4000.000,0.000,0.000,225.000,0.000,-2.703e-02,-5.619e-03,272416.860000
4000.000,0.000,0.000,235.000,0.000,-2.697e-02,-5.553e-03,274221.000000
4000.000,0.000,0.000,245.000,0.000,-2.701e-02,-5.503e-03,276025.140000
4000.000,0.000,0.000,255.000,0.000,-2.704e-02,-5.443e-03,277829.280000
