CH4/ppm,N2O/ppm,NO/ppm,NH3/ppm,CH4_NG_CAL/ppm,V0,V1,time
0.000,75.000,0.000,0.000,0.000,-2.886e-04,-1.785e-04,7208.280000
0.000,85.000,0.000,0.000,0.000,-2.778e-04,-1.601e-04,9012.420000
0.000,95.000,0.000,0.000,0.000,-2.670e-04,-1.462e-04,10816.560000
0.000,105.000,0.000,0.000,0.000,-2.633e-04,-1.308e-04,12620.700000
0.000,115.000,0.000,0.000,0.000,-2.611e-04,-1.173e-04,14424.840000
0.000,125.000,0.000,0.000,0.000,-2.501e-04,-1.034e-04,16228.980000
0.000,135.000,0.000,0.000,0.000,-2.439e-04,-9.928e-05,18033.120000
0.000,145.000,0.000,0.000,0.000,-2.397e-04,-8.890e-05,19837.260000
0.000,155.000,0.000,0.000,0.000,-2.544e-04,-7.863e-05,21641.400000
0.000,165.000,0.000,0.000,0.000,-2.518e-04,-7.473e-05,23445.540000
0.000,175.000,0.000,0.000,0.000,-2.446e-04,-6.537e-05,25249.680000
0.000,195.000,0.000,0.000,0.000,-2.358e-04,-5.713e-05,27053.820000
0.000,205.000,0.000,0.000,0.000,-2.319e-04,-5.118e-05,28857.960000
0.000,215.000,0.000,0.000,0.000,-2.267e-04,-4.378e-05,30662.100000
0.000,225.000,0.000,0.000,0.000,-2.195e-04,-3.811e-05,32466.240000
0.000,235.000,0.000,0.000,0.000,-2.200e-04,-3.464e-05,34270.380000
0.000,245.000,0.000,0.000,0.000,-2.120e-04,-3.016e-05,36074.520000
0.000,255.000,0.000,0.000,0.000,-2.115e-04,-2.660e-05,37878.660000
1000.000,0.000,0.000,0.000,0.000,-8.408e-03,-7.976e-04,39682.800000
1000.000,75.000,0.000,0.000,0.000,-8.450e-03,-7.579e-04,41486.940000
1000.000,85.000,0.000,0.000,0.000,-8.453e-03,-7.455e-04,43291.080000
1000.000,95.000,0.000,0.000,0.000,-8.449e-03,-7.391e-04,45095.220000
1000.000,105.000,0.000,0.000,0.000,-8.433e-03,-7.310e-04,46899.360000
1000.000,115.000,0.000,0.000,0.000,-8.426e-03,-7.228e-04,48703.500000
1000.000,125.000,0.000,0.000,0.000,-8.388e-03,-7.117e-04,50507.640000
1000.000,135.000,0.000,0.000,0.000,-8.376e-03,-7.038e-04,52311.780000
1000.000,145.000,0.000,0.000,0.000,-8.344e-03,-6.974e-04,54115.920000
1000.000,155.000,0.000,0.000,0.000,-8.316e-03,-6.927e-04,55920.060000
1000.000,165.000,0.000,0.000,0.000,-8.306e-03,-6.863e-04,57724.200000
1000.000,175.000,0.000,0.000,0.000,-8.275e-03,-6.840e-04,59528.340000
1000.000,195.000,0.000,0.000,0.000,-8.253e-03,-6.738e-04,61332.480000
1000.000,205.000,0.000,0.000,0.000,-8.252e-03,-6.717e-04,63136.620000
1000.000,215.000,0.000,0.000,0.000,-8.243e-03,-6.691e-04,64940.760000
1000.000,225.000,0.000,0.000,0.000,-8.228e-03,-6.640e-04,66744.900000
1000.000,235.000,0.000,0.000,0.000,-8.194e-03,-6.579e-04,68549.040000
1000.000,245.000,0.000,0.000,0.000,-8.183e-03,-6.530e-04,70353.180000
1000.000,255.000,0.000,0.000,0.000,-8.198e-03,-6.526e-04,72157.320000
1500.000,0.000,0.000,0.000,0.000,-1.020e-02,-8.592e-04,73961.460000
1500.000,75.000,0.000,0.000,0.000,-1.019e-02,-8.523e-04,75765.600000
1500.000,85.000,0.000,0.000,0.000,-1.017e-02,-8.465e-04,77569.740000
1500.000,95.000,0.000,0.000,0.000,-1.012e-02,-8.412e-04,79373.880000
1500.000,105.000,0.000,0.000,0.000,-1.014e-02,-8.382e-04,81178.020000
1500.000,115.000,0.000,0.000,0.000,-1.009e-02,-8.325e-04,82982.160000
1500.000,125.000,0.000,0.000,0.000,-1.008e-02,-8.304e-04,84786.300000
1500.000,135.000,0.000,0.000,0.000,-1.007e-02,-8.270e-04,86590.440000
1500.000,145.000,0.000,0.000,0.000,-1.006e-02,-8.270e-04,88394.580000
1500.000,155.000,0.000,0.000,0.000,-1.007e-02,-8.254e-04,90198.720000
1500.000,165.000,0.000,0.000,0.000,-1.004e-02,-8.232e-04,92002.860000
1500.000,175.000,0.000,0.000,0.000,-1.003e-02,-8.221e-04,93807.000000
1500.000,195.000,0.000,0.000,0.000,-1.002e-02,-8.223e-04,95611.140000
1500.000,205.000,0.000,0.000,0.000,-1.000e-02,-8.229e-04,97415.280000
1500.000,215.000,0.000,0.000,0.000,-9.995e-03,-8.212e-04,99219.420000
1500.000,225.000,0.000,0.000,0.000,-9.989e-03,-8.211e-04,101023.560000
1500.000,235.000,0.000,0.000,0.000,-9.984e-03,-8.203e-04,102827.700000
1500.000,245.000,0.000,0.000,0.000,-9.992e-03,-8.217e-04,104631.840000
1500.000,255.000,0.000,0.000,0.000,-9.989e-03,-8.199e-04,106435.980000
2000.000,0.000,0.000,0.000,0.000,-1.162e-02,-1.014e-03,108240.120000
2000.000,75.000,0.000,0.000,0.000,-1.161e-02,-1.003e-03,110044.260000
2000.000,85.000,0.000,0.000,0.000,-1.158e-02,-1.005e-03,111848.400000
2000.000,95.000,0.000,0.000,0.000,-1.158e-02,-1.006e-03,113652.540000
2000.000,105.000,0.000,0.000,0.000,-1.157e-02,-1.004e-03,115456.680000
2000.000,115.000,0.000,0.000,0.000,-1.156e-02,-1.005e-03,117260.820000
2000.000,125.000,0.000,0.000,0.000,-1.156e-02,-1.004e-03,119064.960000
2000.000,135.000,0.000,0.000,0.000,-1.156e-02,-1.006e-03,120869.100000
2000.000,145.000,0.000,0.000,0.000,-1.154e-02,-1.007e-03,122673.240000
2000.000,155.000,0.000,0.000,0.000,-1.152e-02,-1.007e-03,124477.380000
2000.000,165.000,0.000,0.000,0.000,-1.152e-02,-1.008e-03,126281.520000
2000.000,175.000,0.000,0.000,0.000,-1.150e-02,-1.008e-03,128085.660000
2000.000,195.000,0.000,0.000,0.000,-1.147e-02,-1.008e-03,129889.800000
2000.000,205.000,0.000,0.000,0.000,-1.146e-02,-1.007e-03,131693.940000
2000.000,215.000,0.000,0.000,0.000,-1.145e-02,-1.009e-03,133498.080000
2000.000,225.000,0.000,0.000,0.000,-1.144e-02,-1.012e-03,135302.220000
2000.000,235.000,0.000,0.000,0.000,-1.144e-02,-1.014e-03,137106.360000
2000.000,245.000,0.000,0.000,0.000,-1.144e-02,-1.017e-03,138910.500000
2000.000,255.000,0.000,0.000,0.000,-1.144e-02,-1.019e-03,140714.640000
2000.000,0.000,0.000,0.000,0.000,-1.153e-02,-1.034e-03,142518.780000
2000.000,75.000,0.000,0.000,0.000,-1.153e-02,-1.027e-03,144322.920000
2000.000,85.000,0.000,0.000,0.000,-1.151e-02,-1.033e-03,146127.060000
2000.000,95.000,0.000,0.000,0.000,-1.150e-02,-1.035e-03,147931.200000
2000.000,105.000,0.000,0.000,0.000,-1.149e-02,-1.036e-03,149735.340000
2000.000,115.000,0.000,0.000,0.000,-1.148e-02,-1.036e-03,151539.480000
2000.000,125.000,0.000,0.000,0.000,-1.149e-02,-1.040e-03,153343.620000
2000.000,135.000,0.000,0.000,0.000,-1.148e-02,-1.041e-03,155147.760000
2000.000,145.000,0.000,0.000,0.000,-1.147e-02,-1.043e-03,156951.900000
2000.000,155.000,0.000,0.000,0.000,-1.146e-02,-1.047e-03,158756.040000
2000.000,165.000,0.000,0.000,0.000,-1.145e-02,-1.048e-03,160560.180000
2000.000,175.000,0.000,0.000,0.000,-1.143e-02,-1.050e-03,162364.320000
2000.000,195.000,0.000,0.000,0.000,-1.142e-02,-1.053e-03,164168.460000
2000.000,205.000,0.000,0.000,0.000,-1.143e-02,-1.058e-03,165972.600000
2000.000,215.000,0.000,0.000,0.000,-1.143e-02,-1.063e-03,167776.740000
2000.000,225.000,0.000,0.000,0.000,-1.141e-02,-1.063e-03,169580.880000
2000.000,235.000,0.000,0.000,0.000,-1.139e-02,-1.064e-03,171385.020000
2000.000,245.000,0.000,0.000,0.000,-1.138e-02,-1.066e-03,173189.160000
2000.000,255.000,0.000,0.000,0.000,-1.137e-02,-1.068e-03,174993.300000
2500.000,0.000,0.000,0.000,0.000,-1.273e-02,-1.258e-03,176797.440000
2500.000,75.000,0.000,0.000,0.000,-1.273e-02,-1.254e-03,178601.580000
2500.000,85.000,0.000,0.000,0.000,-1.270e-02,-1.266e-03,180405.720000
2500.000,95.000,0.000,0.000,0.000,-1.270e-02,-1.265e-03,182209.860000
2500.000,105.000,0.000,0.000,0.000,-1.272e-02,-1.269e-03,184014.000000
2500.000,115.000,0.000,0.000,0.000,-1.269e-02,-1.271e-03,185818.140000
2500.000,125.000,0.000,0.000,0.000,-1.271e-02,-1.275e-03,187622.280000
2500.000,135.000,0.000,0.000,0.000,-1.269e-02,-1.278e-03,189426.420000
2500.000,145.000,0.000,0.000,0.000,-1.269e-02,-1.282e-03,191230.560000
2500.000,155.000,0.000,0.000,0.000,-1.270e-02,-1.287e-03,193034.700000
2500.000,165.000,0.000,0.000,0.000,-1.268e-02,-1.291e-03,194838.840000
2500.000,175.000,0.000,0.000,0.000,-1.268e-02,-1.294e-03,196642.980000
2500.000,195.000,0.000,0.000,0.000,-1.268e-02,-1.297e-03,198447.120000
2500.000,205.000,0.000,0.000,0.000,-1.268e-02,-1.303e-03,200251.260000
2500.000,215.000,0.000,0.000,0.000,-1.267e-02,-1.306e-03,202055.400000
2500.000,225.000,0.000,0.000,0.000,-1.268e-02,-1.314e-03,203859.540000
2500.000,235.000,0.000,0.000,0.000,-1.266e-02,-1.314e-03,205663.680000
2500.000,245.000,0.000,0.000,0.000,-1.266e-02,-1.318e-03,207467.820000
2500.000,255.000,0.000,0.000,0.000,-1.267e-02,-1.323e-03,209271.960000
3000.000,0.000,0.000,0.000,0.000,-1.388e-02,-1.516e-03,211076.100000
3000.000,75.000,0.000,0.000,0.000,-1.389e-02,-1.512e-03,212880.240000
3000.000,85.000,0.000,0.000,0.000,-1.387e-02,-1.521e-03,214684.380000
3000.000,95.000,0.000,0.000,0.000,-1.386e-02,-1.527e-03,216488.520000
3000.000,105.000,0.000,0.000,0.000,-1.386e-02,-1.533e-03,218292.660000
3000.000,115.000,0.000,0.000,0.000,-1.384e-02,-1.532e-03,220096.800000
3000.000,125.000,0.000,0.000,0.000,-1.385e-02,-1.537e-03,221900.940000
3000.000,135.000,0.000,0.000,0.000,-1.384e-02,-1.540e-03,223705.080000
3000.000,145.000,0.000,0.000,0.000,-1.383e-02,-1.544e-03,225509.220000
3000.000,155.000,0.000,0.000,0.000,-1.382e-02,-1.546e-03,227313.360000
3000.000,165.000,0.000,0.000,0.000,-1.381e-02,-1.551e-03,229117.500000
3000.000,175.000,0.000,0.000,0.000,-1.377e-02,-1.549e-03,230921.640000
3000.000,195.000,0.000,0.000,0.000,-1.378e-02,-1.556e-03,232725.780000
3000.000,205.000,0.000,0.000,0.000,-1.376e-02,-1.555e-03,234529.920000
3000.000,215.000,0.000,0.000,0.000,-1.378e-02,-1.566e-03,236334.060000
3000.000,225.000,0.000,0.000,0.000,-1.376e-02,-1.566e-03,238138.200000
3000.000,235.000,0.000,0.000,0.000,-1.377e-02,-1.572e-03,239942.340000
3000.000,245.000,0.000,0.000,0.000,-1.377e-02,-1.576e-03,241746.480000
3000.000,255.000,0.000,0.000,0.000,-1.377e-02,-1.582e-03,243550.620000
3500.000,0.000,0.000,0.000,0.000,-1.486e-02,-1.783e-03,245354.760000
3500.000,75.000,0.000,0.000,0.000,-1.487e-02,-1.782e-03,247158.900000
3500.000,85.000,0.000,0.000,0.000,-1.485e-02,-1.791e-03,248963.040000
3500.000,95.000,0.000,0.000,0.000,-1.483e-02,-1.794e-03,250767.180000
3500.000,105.000,0.000,0.000,0.000,-1.482e-02,-1.795e-03,252571.320000
3500.000,115.000,0.000,0.000,0.000,-1.481e-02,-1.797e-03,254375.460000
3500.000,125.000,0.000,0.000,0.000,-1.481e-02,-1.803e-03,256179.600000
3500.000,135.000,0.000,0.000,0.000,-1.481e-02,-1.809e-03,257983.740000
3500.000,145.000,0.000,0.000,0.000,-1.482e-02,-1.815e-03,259787.880000
3500.000,155.000,0.000,0.000,0.000,-1.481e-02,-1.821e-03,261592.020000
3500.000,165.000,0.000,0.000,0.000,-1.481e-02,-1.824e-03,263396.160000
3500.000,175.000,0.000,0.000,0.000,-1.480e-02,-1.829e-03,265200.300000
3500.000,195.000,0.000,0.000,0.000,-1.479e-02,-1.835e-03,267004.440000
3500.000,205.000,0.000,0.000,0.000,-1.480e-02,-1.840e-03,268808.580000
3500.000,215.000,0.000,0.000,0.000,-1.478e-02,-1.840e-03,270612.720000
3500.000,225.000,0.000,0.000,0.000,-1.481e-02,-1.848e-03,272416.860000
3500.000,235.000,0.000,0.000,0.000,-1.479e-02,-1.856e-03,274221.000000
3500.000,245.000,0.000,0.000,0.000,-1.480e-02,-1.858e-03,276025.140000
3500.000,255.000,0.000,0.000,0.000,-1.481e-02,-1.862e-03,277829.280000
4000.000,0.000,0.000,0.000,0.000,-1.578e-02,-2.065e-03,279633.420000
4000.000,75.000,0.000,0.000,0.000,-1.579e-02,-2.062e-03,281437.560000
4000.000,85.000,0.000,0.000,0.000,-1.579e-02,-2.075e-03,283241.700000
4000.000,95.000,0.000,0.000,0.000,-1.578e-02,-2.077e-03,285045.840000
4000.000,105.000,0.000,0.000,0.000,-1.577e-02,-2.080e-03,286849.980000
4000.000,115.000,0.000,0.000,0.000,-1.579e-02,-2.089e-03,288654.120000
4000.000,125.000,0.000,0.000,0.000,-1.580e-02,-2.092e-03,290458.260000
4000.000,135.000,0.000,0.000,0.000,-1.578e-02,-2.096e-03,292262.400000
4000.000,145.000,0.000,0.000,0.000,-1.577e-02,-2.100e-03,294066.540000
4000.000,155.000,0.000,0.000,0.000,-1.578e-02,-2.105e-03,295870.680000
4000.000,165.000,0.000,0.000,0.000,-1.579e-02,-2.112e-03,297674.820000
4000.000,175.000,0.000,0.000,0.000,-1.578e-02,-2.113e-03,299478.960000
4000.000,195.000,0.000,0.000,0.000,-1.576e-02,-2.118e-03,301283.100000
4000.000,205.000,0.000,0.000,0.000,-1.578e-02,-2.125e-03,303087.240000
4000.000,215.000,0.000,0.000,0.000,-1.576e-02,-2.125e-03,304891.380000
4000.000,225.000,0.000,0.000,0.000,-1.577e-02,-2.130e-03,306695.520000
4000.000,235.000,0.000,0.000,0.000,-1.577e-02,-2.135e-03,308499.660000
4000.000,245.000,0.000,0.000,0.000,-1.576e-02,-2.140e-03,310303.800000
4000.000,255.000,0.000,0.000,0.000,-1.576e-02,-2.140e-03,312107.940000
