NO2,NO,CO,NH3,V0,V1,V2,V3,V4,V5,tf
50,0,0,50,-9.915e-03,7.555e-03,-1.748e-02,-2.623e-03,-1.694e-03,-9.390e-04,19
50,0,0,75,-3.710e-02,3.597e-03,-4.069e-02,-1.819e-02,4.004e-03,-2.220e-02,39
50,0,0,100,-5.522e-02,2.094e-03,-5.732e-02,-3.054e-02,8.856e-03,-3.940e-02,59
50,0,0,125,-6.898e-02,6.558e-04,-6.965e-02,-4.001e-02,1.235e-02,-5.237e-02,79
50,0,0,150,-7.902e-02,2.083e-04,-7.925e-02,-4.761e-02,1.496e-02,-6.257e-02,99
50,0,0,175,-8.689e-02,-4.676e-06,-8.690e-02,-5.372e-02,1.698e-02,-7.070e-02,119
50,0,0,200,-9.299e-02,5.134e-04,-9.353e-02,-5.869e-02,1.858e-02,-7.727e-02,139
75,0,0,50,1.006e-03,2.469e-02,-2.369e-02,3.323e-03,-5.063e-03,8.382e-03,159
75,0,0,75,-2.221e-02,1.938e-02,-4.155e-02,-9.897e-03,-7.499e-04,-9.153e-03,179
75,0,0,100,-4.219e-02,1.513e-02,-5.739e-02,-2.341e-02,4.774e-03,-2.819e-02,199
75,0,0,125,-5.826e-02,9.877e-03,-6.814e-02,-3.457e-02,9.553e-03,-4.413e-02,220
75,0,0,150,-7.038e-02,7.837e-03,-7.820e-02,-4.344e-02,1.312e-02,-5.657e-02,240
75,0,0,175,-7.981e-02,6.445e-03,-8.626e-02,-5.041e-02,1.572e-02,-6.613e-02,260
75,0,0,200,-8.767e-02,5.534e-03,-9.322e-02,-5.612e-02,1.774e-02,-7.386e-02,280
100,0,0,50,1.626e-02,3.409e-02,-1.782e-02,1.059e-02,-7.837e-03,1.842e-02,300
100,0,0,75,-5.687e-03,2.806e-02,-3.377e-02,-8.669e-04,-5.148e-03,4.276e-03,320
100,0,0,100,-2.608e-02,2.379e-02,-4.989e-02,-1.431e-02,-5.866e-04,-1.372e-02,340
100,0,0,125,-4.470e-02,1.938e-02,-6.410e-02,-2.705e-02,4.896e-03,-3.195e-02,360
100,0,0,150,-5.900e-02,1.622e-02,-7.520e-02,-3.777e-02,9.716e-03,-4.749e-02,380
100,0,0,175,-7.022e-02,1.501e-02,-8.519e-02,-4.627e-02,1.343e-02,-5.970e-02,400
100,0,0,200,-7.869e-02,1.461e-02,-9.333e-02,-5.311e-02,1.621e-02,-6.932e-02,421
125,0,0,50,2.860e-02,4.285e-02,-1.426e-02,1.646e-02,-9.552e-03,2.601e-02,441
125,0,0,75,9.480e-03,3.690e-02,-2.742e-02,6.832e-03,-8.029e-03,1.486e-02,461
125,0,0,100,-1.076e-02,3.143e-02,-4.220e-02,-5.472e-03,-5.023e-03,-4.526e-04,481
125,0,0,125,-2.940e-02,2.694e-02,-5.635e-02,-1.843e-02,-3.799e-04,-1.806e-02,501
125,0,0,150,-4.563e-02,2.291e-02,-6.856e-02,-3.045e-02,4.901e-03,-3.535e-02,521
125,0,0,175,-5.877e-02,2.036e-02,-7.913e-02,-4.071e-02,9.715e-03,-5.042e-02,541
125,0,0,200,-6.977e-02,1.832e-02,-8.813e-02,-4.879e-02,1.348e-02,-6.227e-02,561
150,0,0,50,3.791e-02,4.900e-02,-1.110e-02,2.122e-02,-1.067e-02,3.189e-02,581
150,0,0,75,2.109e-02,4.344e-02,-2.234e-02,1.302e-02,-9.751e-03,2.277e-02,601
150,0,0,100,1.904e-03,3.743e-02,-3.553e-02,2.172e-03,-7.955e-03,1.012e-02,622
150,0,0,125,-1.669e-02,3.256e-02,-4.926e-02,-1.006e-02,-4.704e-03,-5.359e-03,642
150,0,0,150,-3.358e-02,2.857e-02,-6.215e-02,-2.229e-02,-1.164e-04,-2.218e-02,662
150,0,0,175,-4.837e-02,2.507e-02,-7.344e-02,-3.357e-02,4.942e-03,-3.851e-02,682
150,0,0,200,-6.101e-02,2.209e-02,-8.314e-02,-4.307e-02,9.605e-03,-5.267e-02,702
175,0,0,50,4.449e-02,5.320e-02,-8.717e-03,2.495e-02,-1.145e-02,3.640e-02,722
175,0,0,75,3.005e-02,4.853e-02,-1.847e-02,1.812e-02,-1.082e-02,2.894e-02,742
175,0,0,100,1.303e-02,4.319e-02,-3.016e-02,8.681e-03,-9.786e-03,1.846e-02,762
175,0,0,125,-4.653e-03,3.830e-02,-4.297e-02,-2.320e-03,-7.822e-03,5.496e-03,782
175,0,0,150,-2.139e-02,3.445e-02,-5.586e-02,-1.422e-02,-4.439e-03,-9.783e-03,802
175,0,0,175,-3.714e-02,2.960e-02,-6.677e-02,-2.589e-02,3.090e-05,-2.593e-02,823
175,0,0,200,-5.003e-02,2.723e-02,-7.726e-02,-3.646e-02,4.846e-03,-4.131e-02,843
200,0,0,50,5.012e-02,5.704e-02,-6.912e-03,2.806e-02,-1.208e-02,4.014e-02,863
200,0,0,75,3.768e-02,5.268e-02,-1.499e-02,2.243e-02,-1.155e-02,3.397e-02,883
200,0,0,100,2.264e-02,4.795e-02,-2.532e-02,1.427e-02,-1.091e-02,2.518e-02,903
200,0,0,125,6.429e-03,4.327e-02,-3.685e-02,4.362e-03,-9.797e-03,1.415e-02,923
200,0,0,150,-9.957e-03,3.907e-02,-4.902e-02,-6.739e-03,-7.645e-03,9.020e-04,943
200,0,0,175,-2.533e-02,3.552e-02,-6.085e-02,-1.809e-02,-4.223e-03,-1.387e-02,963
200,0,0,200,-3.975e-02,3.132e-02,-7.109e-02,-2.919e-02,2.177e-04,-2.941e-02,983
188,0,0,149,-1.472e-02,3.667e-02,-5.142e-02,-9.862e-03,-6.379e-03,-3.489e-03,1003
168,0,0,61,3.588e-02,4.860e-02,-1.270e-02,2.107e-02,-1.103e-02,3.210e-02,1024
177,0,0,55,4.226e-02,5.182e-02,-9.534e-03,2.443e-02,-1.151e-02,3.594e-02,1044
138,0,0,186,-6.189e-02,1.947e-02,-8.137e-02,-4.165e-02,9.234e-03,-5.089e-02,1064
161,0,0,167,-4.021e-02,2.675e-02,-6.696e-02,-2.694e-02,1.204e-03,-2.815e-02,1084
83,0,0,177,-8.111e-02,6.158e-03,-8.730e-02,-5.005e-02,1.542e-02,-6.547e-02,1104
98,0,0,98,-2.862e-02,2.027e-02,-4.888e-02,-1.406e-02,-5.986e-04,-1.347e-02,1124
152,0,0,74,2.102e-02,4.179e-02,-2.080e-02,1.352e-02,-9.928e-03,2.344e-02,1144
52,0,0,71,-3.701e-02,1.028e-02,-4.728e-02,-1.660e-02,3.142e-03,-1.975e-02,1164
75,0,0,190,-8.818e-02,4.792e-03,-9.298e-02,-5.427e-02,1.701e-02,-7.127e-02,1184
190,0,0,66,3.933e-02,5.215e-02,-1.281e-02,2.254e-02,-1.149e-02,3.402e-02,1204
146,0,0,55,3.231e-02,4.455e-02,-1.225e-02,1.910e-02,-1.049e-02,2.959e-02,1225
98,0,0,68,-2.595e-03,2.680e-02,-2.941e-02,2.046e-03,-6.026e-03,8.069e-03,1245
79,0,0,64,-1.152e-02,2.088e-02,-3.241e-02,-2.423e-03,-3.812e-03,1.386e-03,1265
117,0,0,119,-3.340e-02,2.260e-02,-5.600e-02,-1.841e-02,-4.844e-05,-1.837e-02,1285
141,0,0,91,2.346e-03,3.468e-02,-3.233e-02,3.699e-03,-8.023e-03,1.172e-02,1305
139,0,0,103,-8.404e-03,3.135e-02,-3.976e-02,-2.728e-03,-6.476e-03,3.744e-03,1325
58,0,0,54,-1.727e-02,1.532e-02,-3.262e-02,-4.788e-03,-1.814e-03,-2.978e-03,1345
105,0,0,146,-5.805e-02,1.575e-02,-7.380e-02,-3.531e-02,8.142e-03,-4.345e-02,1365
67,0,0,193,-9.250e-02,2.345e-03,-9.484e-02,-5.602e-02,1.770e-02,-7.372e-02,1385
89,0,0,129,-5.594e-02,1.363e-02,-6.958e-02,-3.241e-02,7.964e-03,-4.038e-02,1405
197,0,0,113,1.231e-02,4.433e-02,-3.203e-02,8.338e-03,-1.030e-02,1.864e-02,1426
173,0,0,91,1.738e-02,4.294e-02,-2.556e-02,1.160e-02,-1.018e-02,2.178e-02,1446
186,0,0,114,7.192e-03,4.178e-02,-3.458e-02,5.393e-03,-9.675e-03,1.507e-02,1466
81,0,0,52,1.588e-03,2.439e-02,-2.281e-02,4.539e-03,-5.933e-03,1.047e-02,1486
100,0,0,135,-5.403e-02,1.593e-02,-6.998e-02,-3.198e-02,6.912e-03,-3.889e-02,1506
66,0,0,78,-3.393e-02,1.385e-02,-4.777e-02,-1.510e-02,1.732e-03,-1.683e-02,1526
51,0,0,165,-8.792e-02,1.183e-03,-8.912e-02,-5.049e-02,1.600e-02,-6.649e-02,1546
172,0,0,175,-4.007e-02,2.825e-02,-6.833e-02,-2.684e-02,5.622e-04,-2.741e-02,1566
196,0,0,120,7.475e-03,4.295e-02,-3.548e-02,5.332e-03,-9.927e-03,1.526e-02,1586
0,50,0,50,-4.556e-02,-1.418e-03,-4.416e-02,-1.961e-02,6.010e-03,-2.563e-02,1677
0,50,0,75,-6.239e-02,-2.639e-03,-5.978e-02,-2.846e-03,9.059e-03,-3.752e-02,1697
0,50,0,100,-7.367e-02,-2.328e-03,-7.134e-02,-3.655e-02,1.172e-02,-4.828e-02,1717
0,50,0,125,-8.228e-02,-1.716e-03,-8.058e-02,-4.338e-02,1.393e-02,-5.730e-02,1737
0,50,0,150,-9.032e-02,-1.690e-03,-8.864e-02,-4.959e-02,1.586e-02,-6.545e-02,1757
0,50,0,175,-9.652e-02,-1.643e-03,-9.489e-02,-5.509e-02,1.751e-02,-7.260e-02,1777
0,50,0,200,-1.012e-01,-8.630e-04,-1.004e-01,-5.974e-02,1.888e-02,-7.862e-02,1797
0,75,0,50,-4.330e-02,2.744e-03,-4.605e-02,-1.899e-02,6.617e-03,-2.561e-02,1817
0,75,0,75,-5.881e-02,1.006e-03,-5.981e-02,-2.755e-02,9.350e-03,-3.690e-02,1837
0,75,0,100,-7.034e-02,6.245e-04,-7.095e-02,-3.546e-02,1.185e-02,-4.731e-02,1857
0,75,0,125,-8.021e-02,3.240e-04,-8.054e-02,-4.228e-02,1.398e-02,-5.626e-02,1878
0,75,0,150,-8.763e-02,1.175e-04,-8.774e-02,-4.844e-02,1.584e-02,-6.428e-02,1898
0,75,0,175,-9.343e-02,6.518e-04,-9.409e-02,-5.376e-02,1.742e-02,-7.118e-02,1918
0,75,0,200,-9.822e-02,1.323e-03,-9.956e-02,-5.876e-02,1.885e-02,-7.762e-02,1938
0,100,0,50,-3.973e-02,9.216e-03,-4.899e-02,-1.908e-02,6.889e-03,-2.597e-02,1958
0,100,0,75,-5.676e-02,3.355e-03,-6.012e-02,-2.739e-02,9.561e-03,-3.695e-02,1978
0,100,0,100,-6.858e-02,2.712e-03,-7.131e-02,-3.496e-02,1.198e-02,-4.694e-02,1998
0,100,0,125,-7.844e-02,1.963e-03,-8.040e-02,-4.164e-02,1.407e-02,-5.571e-02,2018
0,100,0,150,-8.647e-02,1.279e-03,-8.775e-02,-4.767e-02,1.589e-02,-6.356e-02,2038
0,100,0,175,-9.244e-02,2.197e-03,-9.463e-02,-5.281e-02,1.743e-02,-7.025e-02,2058
0,100,0,200,-9.783e-02,1.674e-03,-9.952e-02,-5.769e-02,1.882e-02,-7.651e-02,2079
0,125,0,50,-3.909e-02,1.055e-02,-4.966e-02,-1.923e-02,7.167e-03,-2.640e-02,2099
0,125,0,75,-5.485e-02,7.476e-03,-6.226e-02,-2.714e-02,9.727e-03,-3.687e-02,2119
0,125,0,100,-6.769e-02,4.037e-03,-7.174e-02,-3.449e-02,1.211e-02,-4.661e-02,2139
0,125,0,125,-7.782e-02,2.470e-03,-8.031e-02,-4.130e-02,1.422e-02,-5.552e-02,2159
0,125,0,150,-8.516e-02,2.713e-03,-8.787e-02,-4.719e-02,1.602e-02,-6.321e-02,2179
0,125,0,175,-9.137e-02,3.116e-03,-9.450e-02,-5.204e-02,1.752e-02,-6.957e-02,2199
0,125,0,200,-9.711e-02,2.781e-03,-9.988e-02,-5.688e-02,1.891e-02,-7.579e-02,2219
0,150,0,50,-3.873e-02,1.166e-02,-5.042e-02,-1.935e-02,7.425e-03,-2.678e-02,2239
0,150,0,75,-5.392e-02,8.748e-03,-6.266e-02,-2.705e-02,9.960e-03,-3.702e-02,2259
0,150,0,100,-6.586e-02,8.244e-03,-7.413e-02,-3.430e-02,1.230e-02,-4.660e-02,2280
0,150,0,125,-7.526e-02,7.511e-03,-8.281e-02,-4.074e-02,1.435e-02,-5.509e-02,2300
0,150,0,150,-8.426e-02,4.069e-03,-8.833e-02,-4.650e-02,1.612e-02,-6.262e-02,2320
0,150,0,175,-9.143e-02,3.023e-03,-9.446e-02,-5.179e-02,1.769e-02,-6.948e-02,2340
0,150,0,200,-9.722e-02,2.705e-03,-9.994e-02,-5.644e-02,1.903e-02,-7.547e-02,2360
0,175,0,50,-3.874e-02,1.252e-02,-5.125e-02,-1.972e-02,7.734e-03,-2.746e-02,2380
0,175,0,75,-5.365e-02,9.791e-03,-6.341e-02,-2.723e-02,1.023e-02,-3.747e-02,2400
0,175,0,100,-6.588e-02,8.512e-03,-7.438e-02,-3.439e-02,1.256e-02,-4.695e-02,2420
0,175,0,125,-7.544e-02,7.436e-03,-8.289e-02,-4.069e-02,1.456e-02,-5.525e-02,2440
0,175,0,150,-8.470e-02,3.461e-03,-8.817e-02,-4.646e-02,1.633e-02,-6.279e-02,2460
0,175,0,175,-9.135e-02,3.277e-03,-9.463e-02,-5.147e-02,1.784e-02,-6.930e-02,2481
0,175,0,200,-9.640e-02,3.920e-03,-1.003e-01,-5.598e-02,1.916e-02,-7.513e-02,2501
0,200,0,50,-3.814e-02,1.406e-02,-5.220e-02,-2.000e-02,8.004e-03,-2.801e-02,2521
0,200,0,75,-5.263e-02,1.170e-02,-6.434e-02,-2.735e-02,1.048e-02,-3.783e-02,2541
0,200,0,100,-6.522e-02,9.232e-03,-7.445e-02,-3.430e-02,1.275e-02,-4.705e-02,2561
0,200,0,125,-7.457e-02,8.770e-03,-8.334e-02,-4.035e-02,1.470e-02,-5.506e-02,2581
0,200,0,150,-8.338e-02,6.486e-03,-8.980e-02,-4.611e-02,1.648e-02,-6.259e-02,2601
0,200,0,175,-8.921e-02,7.393e-03,-9.663e-02,-5.104e-02,1.797e-02,-6.900e-02,2621
0,200,0,200,-9.614e-02,3.956e-03,-1.001e-01,-5.557e-02,1.929e-02,-7.485e-02,2641
0,94,0,98,-6.867e-02,5.267e-04,-6.920e-02,-3.273e-02,1.140e-02,-4.413e-02,2661
0,98,0,149,-8.649e-02,1.580e-04,-8.664e-02,-4.585e-02,1.547e-02,-6.132e-02,2682
0,143,0,52,-4.148e-02,9.460e-03,-5.089e-02,-1.963e-02,7.472e-03,-2.711e-02,2702
0,169,0,75,-5.423e-02,9.435e-03,-6.362e-02,-2.707e-02,1.013e-02,-3.720e-02,2722
0,168,0,195,-9.658e-02,2.688e-03,-9.927e-02,-5.512e-02,1.883e-02,-7.394e-02,2742
0,189,0,97,-6.394e-02,9.015e-03,-7.294e-02,-3.321e-02,1.237e-02,-4.558e-02,2762
0,104,0,172,-9.260e-02,3.589e-04,-9.297e-02,-5.089e-02,1.702e-02,-6.791e-02,2782
0,109,0,130,-8.011e-02,9.634e-04,-8.109e-02,-4.122e-02,1.420e-02,-5.543e-02,2802
0,171,0,85,-5.919e-02,8.472e-03,-6.763e-02,-2.974e-02,1.108e-02,-4.083e-02,2822
0,162,0,140,-8.181e-02,3.267e-03,-8.507e-02,-4.360e-02,1.541e-02,-5.901e-02,2842
0,113,0,125,-7.845e-02,1.183e-03,-7.966e-02,-3.997e-02,1.384e-02,-5.382e-02,2862
0,195,0,115,-7.087e-02,8.623e-03,-7.953e-02,-3.764e-02,1.384e-02,-5.148e-02,2883
0,193,0,61,-4.509e-02,1.238e-02,-5.746e-02,-2.315e-02,9.020e-03,-3.217e-02,2903
0,197,0,62,-4.587e-02,1.204e-02,-5.791e-02,-2.349e-02,9.144e-03,-3.263e-02,2923
0,162,0,104,-6.792e-02,7.038e-03,-7.496e-02,-3.508e-02,1.270e-02,-4.778e-02,2943
0,65,0,154,-8.944e-02,-1.253e-03,-8.820e-02,-4.733e-02,1.556e-02,-6.289e-02,2963
0,54,0,140,-8.530e-02,-1.378e-03,-8.394e-02,-4.377e-02,1.442e-02,-5.819e-02,2983
0,172,0,117,-7.174e-02,8.658e-03,-8.043e-02,-3.808e-02,1.380e-02,-5.189e-02,3003
0,178,0,92,-6.118e-02,1.012e-02,-7.131e-02,-3.164e-02,1.177e-02,-4.341e-02,3023
0,178,0,95,-6.308e-02,8.875e-03,-7.196e-02,-3.236e-02,1.198e-02,-4.435e-02,3043
0,85,0,85,-6.298e-02,1.073e-03,-6.407e-02,-2.860e-02,9.952e-03,-3.855e-02,3063
0,94,0,120,-7.707e-02,1.150e-03,-7.823e-02,-3.834e-02,1.315e-02,-5.148e-02,3084
0,160,0,101,-6.640e-02,7.819e-03,-7.423e-02,-3.382e-02,1.231e-02,-4.614e-02,3104
0,162,0,107,-6.802e-02,7.738e-03,-7.575e-02,-3.551e-02,1.285e-02,-4.837e-02,3124
0,79,0,101,-7.037e-02,7.068e-04,-7.107e-02,-3.309e-02,1.135e-02,-4.445e-02,3144
0,193,0,177,-8.991e-02,7.036e-03,-9.699e-02,-5.091e-02,1.789e-02,-6.880e-02,3164
0,181,0,156,-8.393e-02,6.950e-03,-9.093e-02,-4.657e-02,1.652e-02,-6.309e-02,3184
0,89,0,86,-6.237e-02,1.904e-03,-6.428e-02,-2.874e-02,1.008e-02,-3.882e-02,3204
0,145,0,148,-8.201e-02,6.591e-03,-8.861e-02,-4.509e-02,1.571e-02,-6.081e-02,3224
0,99,0,93,-6.484e-02,2.213e-03,-6.706e-02,-3.100e-02,1.088e-02,-4.188e-02,3244
100,125,0,150,-5.625e-02,1.995e-02,-7.622e-02,-3.516e-02,9.030e-03,-4.419e-02,3275
100,100,0,100,-2.541e-02,2.658e-02,-5.198e-02,-1.419e-02,-6.784e-04,-1.351e-02,3295
144,99,0,113,-1.053e-02,3.677e-02,-4.729e-02,-6.489e-03,-5.642e-03,-8.490e-04,3315
75,100,0,50,2.230e-03,3.153e-02,-2.929e-02,1.639e-03,-4.717e-03,6.355e-03,3335
63,53,0,98,-4.658e-02,1.395e-02,-6.052e-02,-2.506e-02,6.249e-03,-3.131e-02,3355
100,75,0,75,-5.757e-03,3.140e-02,-3.717e-02,-1.841e-03,-5.052e-03,3.207e-03,3375
125,100,0,100,-1.128e-02,3.431e-02,-4.560e-02,-6.328e-03,-4.851e-03,-1.482e-03,3395
125,75,0,75,7.527e-03,3.845e-02,-3.093e-02,5.170e-03,-7.783e-03,1.295e-02,3415
125,150,0,50,2.549e-02,4.857e-02,-2.308e-02,1.317e-02,-8.767e-03,2.193e-02,3435
121,91,0,142,-4.230e-02,2.474e-02,-6.704e-02,-2.730e-02,3.459e-03,-3.076e-02,3455
122,119,0,52,2.333e-02,4.581e-02,-2.245e-02,1.245e-02,-8.740e-03,2.119e-02,3476
66,108,0,147,-7.032e-02,1.254e-02,-8.287e-02,-4.191e-02,1.355e-02,-5.546e-02,3496
50,100,0,125,-6.664e-02,1.046e-02,-7.708e-02,-3.757e-02,1.245e-02,-5.003e-02,3516
149,107,0,117,-1.089e-02,3.758e-02,-4.846e-02,-7.196e-03,-5.597e-03,-1.603e-03,3536
132,126,0,96,-3.723e-03,3.855e-02,-4.228e-02,-2.849e-03,-6.025e-03,3.170e-03,3556
75,75,0,50,1.731e-03,2.962e-02,-2.790e-02,2.160e-03,-4.959e-03,7.118e-03,3576
75,100,0,125,-5.617e-02,1.619e-02,-7.237e-02,-3.309e-02,9.303e-03,-4.240e-02,3596
150,100,0,125,-1.687e-02,3.561e-02,-5.248e-02,-1.058e-02,-4.669e-03,-5.918e-03,3616
107,138,0,145,-4.990e-02,2.306e-02,-7.294e-02,-3.208e-02,7.003e-03,-3.909e-02,3636
146,76,0,128,-2.158e-02,3.319e-02,-5.476e-02,-1.297e-02,-3.722e-03,-9.256e-03,3656
105,83,0,131,-4.552e-02,2.149e-02,-6.700e-02,-2.726e-02,4.673e-03,-3.194e-02,3677
60,121,0,105,-5.038e-02,1.642e-02,-6.682e-02,-2.884e-02,8.491e-03,-3.733e-02,3697
83,66,0,137,-6.053e-02,1.497e-02,-7.549e-02,-3.563e-02,9.973e-03,-4.561e-02,3717
125,125,0,125,-2.880e-02,3.015e-02,-5.896e-02,-1.826e-02,-5.028e-04,-1.776e-02,3737
150,75,0,75,1.818e-02,4.452e-02,-2.635e-02,1.096e-02,-9.498e-03,2.046e-02,3757
81,75,0,102,-3.954e-02,1.926e-02,-5.881e-02,-2.166e-02,3.632e-03,-2.530e-02,3777
120,121,0,136,-3.937e-02,2.606e-02,-6.543e-02,-2.486e-02,2.646e-03,-2.751e-02,3797
50,125,0,100,-5.256e-02,1.380e-02,-6.640e-02,-2.940e-02,9.282e-03,-3.868e-02,3817
150,125,0,100,9.575e-04,4.122e-02,-4.023e-02,2.497e-04,-7.401e-03,7.648e-03,3837
50,125,0,125,-6.588e-02,1.155e-02,-7.744e-02,-3.787e-02,1.269e-02,-5.057e-02,3857
150,50,0,100,2.233e-04,3.762e-02,-3.740e-02,1.340e-03,-7.991e-03,9.326e-03,3878
125,125,0,50,2.562e-02,4.702e-02,-2.139e-02,1.369e-02,-8.988e-03,2.268e-02,3898
139,78,0,104,-7.972e-03,3.504e-02,-4.301e-02,-3.934e-03,-6.247e-03,2.305e-03,3918
115,103,0,150,-5.120e-02,2.171e-02,-7.289e-02,-3.252e-02,6.438e-03,-3.897e-02,3938
100,100,0,75,-6.049e-03,3.185e-02,-3.789e-02,-2.528e-03,-4.749e-03,2.217e-03,3958
64,74,0,94,-4.396e-02,1.502e-02,-5.899e-02,-2.361e-02,5.608e-03,-2.923e-02,3978
75,150,0,75,-1.942e-02,2.712e-02,-4.655e-02,-1.129e-02,-2.453e-04,-1.105e-02,3998
75,75,0,150,-7.060e-02,1.167e-02,-8.230e-02,-4.212e-02,1.307e-02,-5.519e-02,4018
136,146,0,86,4.670e-03,4.216e-02,-3.750e-02,2.098e-03,-7.192e-03,9.286e-03,4038
100,50,0,125,-4.586e-02,1.917e-02,-6.504e-02,-2.666e-02,4.489e-03,-3.115e-02,4058
100,150,0,100,-2.433e-02,2.880e-02,-5.313e-02,-1.500e-02,-3.216e-04,-1.468e-02,4079
124,61,0,60,1.846e-02,4.055e-02,-2.209e-02,1.115e-02,-8.907e-03,2.005e-02,4099
150,50,0,125,-1.843e-02,3.250e-02,-5.092e-02,-1.033e-02,-5.002e-03,-5.337e-03,4119
125,100,0,75,7.096e-03,3.908e-02,-3.200e-02,4.628e-03,-7.561e-03,1.219e-02,4139
130,50,0,76,8.725e-03,3.746e-02,-2.872e-02,6.506e-03,-8.354e-03,1.486e-02,4159
100,150,0,125,-4.203e-02,2.392e-02,-6.595e-02,-2.654e-02,4.625e-03,-3.117e-02,4179
75,125,0,125,-5.591e-02,1.650e-02,-7.241e-02,-3.345e-02,9.515e-03,-4.297e-02,4199
150,125,0,75,1.799e-02,4.649e-02,-2.849e-02,1.003e-02,-9.092e-03,1.912e-02,4219
100,125,0,125,-4.316e-02,2.244e-02,-6.562e-02,-2.663e-02,4.616e-03,-3.125e-02,4239
51,68,0,67,-3.155e-02,1.496e-02,-4.654e-02,-1.495e-02,2.688e-03,-1.765e-02,4259
118,89,0,75,3.470e-03,3.661e-02,-3.315e-02,2.972e-03,-7.005e-03,9.974e-03,4280
121,82,0,126,-3.427e-02,2.593e-02,-6.020e-02,-2.048e-02,3.989e-04,-2.088e-02,4300
77,70,0,136,-6.370e-02,1.321e-02,-7.692e-02,-3.763e-02,1.097e-02,-4.860e-02,4320
125,50,0,150,-4.837e-02,2.246e-02,-7.083e-02,-3.024e-02,4.489e-03,-3.473e-02,4340
50,50,0,100,-5.613e-02,1.054e-02,-6.668e-02,-2.999e-02,9.120e-03,-3.912e-02,4360
73,90,0,126,-5.813e-02,1.539e-02,-7.353e-02,-3.453e-02,9.982e-03,-4.452e-02,4380
125,100,0,150,-4.548e-02,2.563e-02,-7.111e-02,-2.981e-02,4.448e-03,-3.427e-02,4400
75,150,0,125,-5.317e-02,1.950e-02,-7.268e-02,-3.323e-02,9.533e-03,-4.277e-02,4420
75,100,0,100,-4.026e-02,1.980e-02,-6.008e-02,-2.291e-02,4.646e-03,-2.756e-02,4440
123,145,0,99,-1.119e-02,3.627e-02,-4.747e-02,-7.303e-03,-4.300e-03,-3.010e-03,4460
98,110,0,102,-2.811e-02,2.660e-02,-5.472e-02,-1.643e-02,2.622e-04,-1.670e-02,4481
150,50,0,150,-3.534e-02,2.859e-02,-6.393e-02,-2.220e-02,-6.580e-04,-2.155e-02,4501
100,50,0,100,-2.769e-02,2.381e-02,-5.151e-02,-1.443e-02,-8.191e-04,-1.362e-02,4521
150,125,0,125,-1.626e-02,3.664e-02,-5.290e-02,-1.099e-02,-4.533e-03,-6.468e-03,4541
83,141,0,122,-4.835e-02,2.057e-02,-6.896e-02,-3.004e-02,7.452e-03,-3.750e-02,4561
72,82,0,111,-5.011e-02,1.607e-02,-6.619e-02,-2.866e-02,7.378e-03,-3.605e-02,4581
150,150,0,100,1.897e-03,4.330e-02,-4.139e-02,-2.098e-04,-7.262e-03,7.045e-03,4601
100,150,0,75,-4.684e-03,3.558e-02,-4.025e-02,-3.182e-03,-4.440e-03,1.249e-03,4621
100,75,0,100,-2.639e-02,2.520e-02,-5.159e-02,-1.463e-02,-7.504e-04,-1.389e-02,4641
50,75,0,150,-7.861e-02,8.723e-03,-8.738e-02,-4.564e-02,1.498e-02,-6.062e-02,4661
150,100,0,100,1.441e-03,4.108e-02,-3.963e-02,4.244e-04,-7.648e-03,8.066e-03,4682
62,84,0,109,-5.260e-02,1.458e-02,-6.717e-02,-3.048e-02,8.698e-03,-3.918e-02,4702
50,150,0,50,-1.143e-02,2.680e-02,-3.822e-02,-7.431e-03,-1.871e-04,-7.244e-03,4722
50,50,0,125,-6.816e-02,9.032e-03,-7.715e-02,-3.869e-02,1.227e-02,-5.097e-02,4742
125,100,0,125,-2.870e-02,2.972e-02,-5.843e-02,-1.836e-02,-6.488e-04,-1.772e-02,4762
59,53,0,67,-2.534e-02,1.787e-02,-4.324e-02,-1.180e-02,7.473e-04,-1.256e-02,4782
116,128,0,59,1.687e-02,4.429e-02,-2.742e-02,8.586e-03,-7.967e-03,1.655e-02,4802
50,100,0,50,-1.310e-02,2.304e-02,-3.613e-02,-6.632e-03,-6.369e-04,-6.000e-03,4822
139,56,0,83,9.556e-03,4.055e-02,-3.100e-02,5.860e-03,-8.605e-03,1.446e-02,4842
50,100,0,100,-5.224e-02,1.369e-02,-6.597e-02,-3.020e-02,9.189e-03,-3.939e-02,4862
125,89,0,144,-4.153e-02,2.593e-02,-6.748e-02,-2.741e-02,3.091e-03,-3.051e-02,4883
75,100,0,75,-1.912e-02,2.566e-02,-4.480e-02,-1.072e-02,-6.929e-04,-1.003e-02,4903
125,75,0,150,-4.551e-02,2.462e-02,-7.015e-02,-3.019e-02,4.277e-03,-3.447e-02,4923
50,150,0,100,-4.906e-02,1.693e-02,-6.600e-02,-2.982e-02,9.342e-03,-3.917e-02,4943
50,125,0,75,-3.266e-02,1.957e-02,-5.223e-02,-1.932e-02,4.668e-03,-2.399e-02,4963
50,150,0,75,-3.211e-02,2.098e-02,-5.310e-02,-1.915e-02,4.669e-03,-2.383e-02,4983
125,50,0,50,2.813e-02,4.373e-02,-1.559e-02,1.529e-02,-9.765e-03,2.504e-02,5003
150,150,0,50,3.490e-02,5.457e-02,-1.967e-02,1.796e-02,-1.011e-02,2.807e-02,5023
50,75,0,75,-3.687e-02,1.474e-02,-5.162e-02,-1.919e-02,4.345e-03,-2.354e-02,5043
100,100,0,150,-5.765e-02,1.927e-02,-7.693e-02,-3.719e-02,9.231e-03,-4.643e-02,5063
125,125,0,75,8.981e-03,4.196e-02,-3.298e-02,4.307e-03,-7.486e-03,1.179e-02,5084
129,146,0,61,2.100e-02,4.740e-02,-2.641e-02,1.048e-02,-8.611e-03,1.908e-02,5104
56,94,0,94,-4.633e-02,1.480e-02,-6.114e-02,-2.626e-02,7.062e-03,-3.333e-02,5124
70,52,0,124,-6.017e-02,1.265e-02,-7.287e-02,-3.497e-02,9.829e-03,-4.481e-02,5144
100,150,0,150,-5.480e-02,2.181e-02,-7.662e-02,-3.650e-02,9.197e-03,-4.570e-02,5164
150,100,0,150,-3.207e-02,3.148e-02,-6.354e-02,-2.235e-02,-6.301e-04,-2.173e-02,5184
75,102,0,142,-6.398e-02,1.474e-02,-7.872e-02,-3.963e-02,1.192e-02,-5.155e-02,5204
100,85,0,133,-4.689e-02,2.154e-02,-6.844e-02,-3.002e-02,5.872e-03,-3.590e-02,5224
66,78,0,106,-4.883e-02,1.512e-02,-6.395e-02,-2.818e-02,7.349e-03,-3.553e-02,5244
150,75,0,50,3.675e-02,5.104e-02,-1.431e-02,1.930e-02,-1.073e-02,3.002e-02,5264
125,150,0,75,9.573e-03,4.329e-02,-3.372e-02,4.227e-03,-7.397e-03,1.161e-02,5285
75,100,0,150,-6.833e-02,1.398e-02,-8.232e-02,-4.236e-02,1.288e-02,-5.525e-02,5305
70,59,0,70,-1.944e-02,2.160e-02,-4.103e-02,-9.188e-03,-1.109e-03,-8.093e-03,5325
124,114,0,115,-2.118e-02,3.244e-02,-5.362e-02,-1.395e-02,-2.447e-03,-1.152e-02,5345
75,150,0,150,-6.566e-02,1.617e-02,-8.183e-02,-4.190e-02,1.299e-02,-5.490e-02,5365
125,125,0,150,-4.348e-02,2.631e-02,-6.980e-02,-2.966e-02,4.121e-03,-3.379e-02,5385
123,57,0,112,-2.142e-02,2.897e-02,-5.038e-02,-1.251e-02,-3.094e-03,-9.430e-03,5405
144,99,0,64,2.541e-02,4.776e-02,-2.236e-02,1.352e-02,-9.748e-03,2.326e-02,5425
75,125,0,75,-1.839e-02,2.611e-02,-4.450e-02,-1.063e-02,-8.228e-04,-9.821e-03,5445
102,67,0,72,-6.045e-04,3.232e-02,-3.293e-02,5.915e-04,-6.072e-03,6.649e-03,5465
75,75,0,75,-2.019e-02,2.304e-02,-4.324e-02,-1.015e-02,-1.138e-03,-9.024e-03,5486
60,105,0,99,-4.640e-02,1.634e-02,-6.274e-02,-2.702e-02,7.096e-03,-3.413e-02,5506
129,52,0,132,-3.309e-02,2.678e-02,-5.987e-02,-2.046e-02,-5.291e-04,-1.994e-02,5526
75,75,0,125,-5.645e-02,1.510e-02,-7.158e-02,-3.384e-02,9.057e-03,-4.291e-02,5546
106,124,0,52,1.804e-02,4.252e-02,-2.447e-02,9.264e-03,-7.854e-03,1.711e-02,5566
105,88,0,97,-1.927e-02,2.908e-02,-4.835e-02,-1.103e-02,-2.616e-03,-8.428e-03,5586
124,139,0,111,-1.771e-02,3.460e-02,-5.232e-02,-1.213e-02,-3.095e-03,-9.045e-03,5606
100,125,0,50,1.668e-02,4.105e-02,-2.436e-02,8.625e-03,-7.539e-03,1.615e-02,5626
100,125,0,100,-2.364e-02,2.856e-02,-5.220e-02,-1.453e-02,-9.708e-04,-1.358e-02,5646
103,141,0,86,-1.094e-02,3.346e-02,-4.440e-02,-6.865e-03,-3.725e-03,-3.155e-03,5666
79,99,0,92,-3.131e-02,2.210e-02,-5.341e-02,-1.766e-02,1.598e-03,-1.927e-02,5687
133,83,0,141,-3.624e-02,2.793e-02,-6.418e-02,-2.334e-02,4.623e-04,-2.382e-02,5707
130,65,0,52,2.900e-02,4.582e-02,-1.683e-02,1.570e-02,-9.942e-03,2.563e-02,5727
150,125,0,50,3.614e-02,5.389e-02,-1.775e-02,1.885e-02,-1.044e-02,2.927e-02,5747
75,150,0,100,-3.751e-02,2.284e-02,-6.036e-02,-2.284e-02,4.173e-03,-2.703e-02,5767
88,109,0,128,-5.101e-02,1.983e-02,-7.086e-02,-3.140e-02,7.104e-03,-3.852e-02,5787
100,100,0,125,-4.277e-02,2.292e-02,-6.569e-02,-2.651e-02,4.046e-03,-3.058e-02,5807
100,100,0,50,1.710e-02,4.054e-02,-2.344e-02,9.184e-03,-7.800e-03,1.697e-02,5827
125,50,0,100,-1.164e-02,3.229e-02,-4.395e-02,-5.411e-03,-5.669e-03,2.378e-04,5847
75,50,0,150,-7.197e-02,1.179e-02,-8.379e-02,-4.309e-02,1.261e-02,-5.571e-02,5867
58,114,0,94,-4.330e-02,1.816e-02,-6.147e-02,-2.515e-02,6.392e-03,-3.156e-02,5888
55,115,0,52,-1.089e-02,2.578e-02,-3.667e-02,-5.445e-03,-1.509e-03,-3.955e-03,5908
125,150,0,150,-4.277e-02,2.862e-02,-7.139e-02,-2.927e-02,3.740e-03,-3.303e-02,5928
100,150,0,50,1.775e-02,4.437e-02,-2.661e-02,8.459e-03,-7.435e-03,1.588e-02,5948
75,50,0,50,3.641e-03,2.893e-02,-2.530e-02,3.534e-03,-5.738e-03,9.253e-03,5968
145,64,0,51,3.571e-02,5.020e-02,-1.451e-02,1.907e-02,-1.078e-02,2.983e-02,5988
75,125,0,150,-6.808e-02,1.536e-02,-8.346e-02,-4.241e-02,1.264e-02,-5.507e-02,6008
50,100,0,150,-7.770e-02,9.977e-03,-8.765e-02,-4.595e-02,1.479e-02,-6.075e-02,6028
125,50,0,125,-2.983e-02,2.793e-02,-5.777e-02,-1.793e-02,-1.399e-03,-1.655e-02,6048
100,125,0,75,-2.604e-03,3.584e-02,-3.846e-02,-1.981e-03,-5.154e-03,3.152e-03,6068
56,91,0,119,-6.044e-02,1.358e-02,-7.403e-02,-3.536e-02,1.057e-02,-4.594e-02,6089
62,85,0,102,-4.730e-02,1.640e-02,-6.370e-02,-2.731e-02,6.861e-03,-3.420e-02,6109
100,50,0,50,1.885e-02,3.813e-02,-1.928e-02,1.055e-02,-8.419e-03,1.895e-02,6129
103,143,0,83,-6.607e-03,3.644e-02,-4.306e-02,-4.785e-03,-4.489e-03,-3.190e-04,6149
150,150,0,75,2.121e-02,5.066e-02,-2.945e-02,1.054e-02,-9.379e-03,1.991e-02,6169
92,148,0,90,-1.798e-02,3.130e-02,-4.930e-02,-1.198e-02,-1.518e-03,-1.049e-02,6189
75,50,0,75,-1.900e-02,2.302e-02,-4.204e-02,-9.239e-03,-1.774e-03,-7.494e-03,6209
50,100,0,75,-3.272e-02,1.897e-02,-5.169e-02,-1.849e-02,3.773e-03,-2.229e-02,6229
111,62,0,91,-1.030e-02,3.196e-02,-4.228e-02,-5.121e-03,-5.157e-03,5.057e-06,6249
103,80,0,104,-2.536e-02,2.759e-02,-5.298e-02,-1.475e-02,-1.376e-03,-1.340e-02,6269
100,50,0,150,-5.800e-02,1.863e-02,-7.665e-02,-3.739e-02,8.424e-03,-4.583e-02,6290
150,50,0,50,3.961e-02,5.183e-02,-1.222e-02,2.048e-02,-1.122e-02,3.168e-02,6310
60,72,0,93,-4.247e-02,1.650e-02,-5.901e-02,-2.369e-02,5.119e-03,-2.884e-02,6330
150,100,0,75,2.252e-02,4.858e-02,-2.607e-02,1.174e-02,-9.860e-03,2.158e-02,6350
126,55,0,147,-4.223e-02,2.570e-02,-6.792e-02,-2.815e-02,2.410e-03,-3.059e-02,6370
87,147,0,119,-4.138e-02,2.423e-02,-6.560e-02,-2.712e-02,5.051e-03,-3.220e-02,6390
150,75,0,125,-1.387e-02,3.626e-02,-5.014e-02,-9.558e-03,-5.747e-03,-3.843e-03,6410
150,150,0,125,-1.160e-02,4.028e-02,-5.189e-02,-9.938e-03,-5.332e-03,-4.634e-03,6430
150,75,0,150,-3.043e-02,3.211e-02,-6.255e-02,-2.137e-02,-1.801e-03,-1.961e-02,6450
100,75,0,50,2.014e-02,3.996e-02,-1.984e-02,1.041e-02,-8.373e-03,1.876e-02,6470
100,50,0,75,-2.101e-03,3.145e-02,-3.358e-02,6.817e-05,-6.235e-03,6.268e-03,6491
50,50,0,150,-7.882e-02,8.216e-03,-8.711e-02,-4.649e-02,1.403e-02,-6.054e-02,6511
150,125,0,150,-2.795e-02,3.496e-02,-6.291e-02,-2.113e-02,-1.694e-03,-1.947e-02,6531
123,126,0,132,-3.009e-02,3.104e-02,-6.113e-02,-2.122e-02,-1.065e-04,-2.114e-02,6551
50,125,0,50,-8.254e-03,2.623e-02,-3.451e-02,-5.388e-03,-1.438e-03,-3.983e-03,6571
75,50,0,125,-5.544e-02,1.494e-02,-7.042e-02,-3.310e-02,7.868e-03,-4.100e-02,6591
125,150,0,125,-2.390e-02,3.374e-02,-5.766e-02,-1.726e-02,-1.680e-03,-1.562e-02,6611
125,52,0,51,3.121e-02,4.520e-02,-1.400e-02,1.626e-02,-1.022e-02,2.645e-02,6631
50,150,0,150,-7.347e-02,1.273e-02,-8.616e-02,-4.532e-02,1.442e-02,-5.976e-02,6651
117,67,0,143,-4.342e-02,2.415e-02,-6.760e-02,-2.828e-02,3.066e-03,-3.138e-02,6671
74,93,0,95,-3.305e-02,2.113e-02,-5.421e-02,-1.935e-02,2.228e-03,-2.162e-02,6692
75,150,0,50,8.060e-03,3.735e-02,-2.931e-02,2.741e-03,-5.312e-03,8.018e-03,6712
112,103,0,104,-1.555e-02,3.260e-02,-4.817e-02,-1.064e-02,-3.621e-03,-7.052e-03,6732
50,50,0,50,-1.011e-02,1.993e-02,-3.007e-02,-3.861e-03,-2.271e-03,-1.632e-03,6752
75,65,0,102,-3.909e-02,1.867e-02,-5.779e-02,-2.226e-02,3.156e-03,-2.546e-02,6772
50,50,0,75,-3.377e-02,1.459e-02,-4.840e-02,-1.703e-02,2.742e-03,-1.981e-02,6792
75,125,0,50,8.300e-03,3.582e-02,-2.754e-02,3.360e-03,-5.612e-03,8.933e-03,6812
125,125,0,100,-5.631e-03,3.773e-02,-4.338e-02,-4.541e-03,-6.005e-03,1.413e-03,6832
75,75,0,100,-3.614e-02,2.002e-02,-5.620e-02,-2.130e-02,2.692e-03,-2.405e-02,6852
125,50,0,75,1.361e-02,3.939e-02,-2.580e-02,7.847e-03,-9.019e-03,1.682e-02,6872
53,127,0,78,-3.004e-02,2.050e-02,-5.057e-02,-1.788e-02,3.025e-03,-2.096e-02,6893
125,100,0,50,3.240e-02,4.827e-02,-1.587e-02,1.622e-02,-9.974e-03,2.616e-02,6913
150,135,0,109,8.033e-04,4.269e-02,-4.191e-02,-1.336e-03,-7.784e-03,6.397e-03,6933
75,125,0,100,-3.423e-02,2.238e-02,-5.665e-02,-2.121e-02,2.729e-03,-2.400e-02,6953
150,75,0,100,7.237e-03,4.196e-02,-3.475e-02,3.430e-03,-9.018e-03,1.240e-02,6973
78,99,0,146,-6.304e-02,1.557e-02,-7.865e-02,-3.976e-02,1.041e-02,-5.021e-02,6993
81,104,0,121,-4.559e-02,1.994e-02,-6.558e-02,-2.873e-02,5.521e-03,-3.432e-02,7013
123,138,0,98,-3.911e-03,3.796e-02,-4.189e-02,-3.880e-03,-6.087e-03,2.143e-03,7033
102,86,0,64,1.219e-02,3.738e-02,-2.522e-02,6.381e-03,-7.793e-03,1.412e-02,7053
75,50,0,100,-3.677e-02,1.817e-02,-5.499e-02,-2.037e-02,1.979e-03,-2.241e-02,7073
125,59,0,76,1.473e-02,4.016e-02,-2.546e-02,7.994e-03,-9.086e-03,1.702e-02,7094
150,100,0,50,4.211e-02,5.451e-02,-1.243e-02,2.097e-02,-1.113e-02,3.206e-02,7114
150,50,0,75,2.694e-02,4.599e-02,-1.906e-02,1.458e-02,-1.076e-02,2.529e-02,7134
50,75,0,100,-4.989e-02,1.257e-02,-6.253e-02,-2.840e-02,6.974e-03,-3.544e-02,7154
100,75,0,125,-3.855e-02,2.271e-02,-6.130e-02,-2.431e-02,1.903e-03,-2.629e-02,7174
108,101,0,89,-4.452e-03,3.429e-02,-3.877e-02,-3.299e-03,-5.806e-03,2.428e-03,7194
125,75,0,100,-4.367e-03,3.499e-02,-3.940e-02,-2.800e-03,-6.899e-03,4.019e-03,7214
94,59,0,73,1.925e-03,3.171e-02,-2.983e-02,1.158e-03,-6.522e-03,7.602e-03,7234
91,93,0,81,-7.501e-03,3.026e-02,-3.782e-02,-4.196e-03,-4.789e-03,5.027e-04,7254
125,75,0,50,3.532e-02,4.716e-02,-1.188e-02,1.773e-02,-1.042e-02,2.809e-02,7274
125,75,0,125,-2.269e-02,2.984e-02,-5.257e-02,-1.470e-02,-3.591e-03,-1.121e-02,7295
114,118,0,92,-1.608e-03,3.626e-02,-3.792e-02,-2.354e-03,-6.343e-03,3.891e-03,7315
102,77,0,102,-1.775e-02,2.751e-02,-4.532e-02,-1.064e-02,-3.590e-03,-7.158e-03,7335
50,75,0,125,-6.264e-02,1.008e-02,-7.271e-02,-3.716e-02,1.008e-02,-4.732e-02,7355
50,125,0,150,-7.106e-02,1.153e-02,-8.263e-02,-4.455e-02,1.314e-02,-5.775e-02,7375
100,75,0,150,-5.145e-02,1.977e-02,-7.129e-02,-3.401e-02,5.885e-03,-4.001e-02,7395
50,75,0,50,-1.977e-03,2.319e-02,-2.525e-02,-1.541e-03,-3.207e-03,1.548e-03,7415
98,142,0,146,-4.612e-02,2.303e-02,-6.923e-02,-3.190e-02,5.211e-03,-3.723e-02,7435
129,51,0,103,-7.040e-04,3.503e-02,-3.580e-02,-8.814e-04,-7.803e-03,6.788e-03,7455
50,150,0,125,-5.594e-02,1.490e-02,-7.094e-02,-3.563e-02,9.909e-03,-4.564e-02,7475
104,94,0,88,-4.554e-04,3.399e-02,-3.450e-02,-1.498e-03,-6.313e-03,4.668e-03,7496
150,150,0,150,-1.994e-02,3.677e-02,-5.678e-02,-1.648e-02,-4.236e-03,-1.242e-02,7516
125,150,0,100,2.800e-03,4.027e-02,-3.755e-02,-1.050e-03,-7.117e-03,5.911e-03,7536
84,120,0,83,-6.131e-03,3.050e-02,-3.673e-02,-5.208e-03,-4.184e-03,-1.197e-03,7556
116,82,0,116,-1.431e-02,3.098e-02,-4.538e-02,-1.020e-02,-4.726e-03,-5.686e-03,7576
